components: [150, 180, 450, 550, 650]
BIC: [-86008.65410515286, -100133.20546084481, -130361.75784374488, -112081.82624881697, -82334.68778529088]
homogeneity: [0.44356724168375394, 0.4585071276355002, 0.6200181501848047, 0.6239556592020411, 0.6531988408271804]
completeness: [0.22084848113550395, 0.21470912793138414, 0.2192911024966197, 0.21660735414095444, 0.22003399282790667]
v_measure: [0.2948790892294118, 0.2924637208649858, 0.3239913376090194, 0.3215782333879096, 0.32918127564253774]