ks: [176, 200, 450, 500, 750]
sil: [0.18776738041725172, 0.1900631829154074, 0.1981025644925527, 0.20166223436257272, 0.2000659860618511]
homogeneity: [0.6857413485190096, 0.7094662314531981, 0.8302435859254265, 0.835755279140964, 0.8834042468329052]
completeness: [0.4388329499654232, 0.44357738968007343, 0.4485075886293164, 0.44396824026687054, 0.44176311658099077]
v_measure: [0.535181889341445, 0.5458651749963487, 0.5823971951822886, 0.5798890071906408, 0.5889903782061325]