ks: [2, 3, 4, 2500, 5000, 7500]
sil: [0.9905801808292309, 0.17248025736324252, 0.18685455825490843, 0.15997910073238047, 0.16485568188486108, 0.16156992078617374]
homogeneity: [2.3265822256057108e-05, 0.0276633363178284, 0.025165048497810646, 0.6888791006813734, 0.7875030149089194, 0.846192134528852]
completeness: [0.081281779785625, 0.06316881560925977, 0.05878051753943191, 0.16986085802641587, 0.17632676221655824, 0.17960672328030997]
v_measure: [4.651832926258195e-05, 0.03847668813132478, 0.03524223242356739, 0.27252393214421505, 0.2881377192325328, 0.29631890383050674]