components: [2, 140, 250, 500]
BIC: [1210906.443989031, 671528.823849001, 736885.136907652, 977521.8402881109]
homogeneity: [0.048933871439282996, 0.7011999357917906, 0.741907672555571, 0.8049022659272349]
completeness: [0.2303534063644915, 0.496997112211663, 0.47524519574058066, 0.4476125513690355]
v_measre: [0.0807203540474954, 0.5816978830856191, 0.579365281468196, 0.5752975563708412]