
Original
test_error = [0.27194446325302124, 0.19181251525878906, 0.1672857403755188, 0.13508331775665283, 0.12680000066757202, 0.1121249794960022, 0.11266666650772095, 0.12300002574920654, 0.10000002384185791]

train_error = [0.0, 0.018750011920928955, 0.03125, 0.003125011920928955, 0.005750000476837158, 0.004895806312561035, 0.01830357313156128, 0.018906235694885254, 0.02222222089767456]

validation_error = [0.2900000214576721, 0.16874998807907104, 0.18416666984558105, 0.11937499046325684, 0.13700002431869507, 0.11333334445953369, 0.10535717010498047, 0.11374998092651367, 0.09444445371627808]

training_time = [118.98, 167.17, 166.92, 200.47, 246.07, 277.8, 325.17, 354.92, 414.29]


New
test_error = [0.33711111545562744, 0.23900002241134644, 0.20550000667572021, 0.19591665267944336, 0.1923999786376953, 0.1757500171661377, 0.15950000286102295, 0.15450000762939453, 0.1834999918937683]

train_error = [0.10750001668930054, 0.14656251668930054, 0.13104164600372314, 0.1393749713897705, 0.1378750205039978, 0.1457291841506958, 0.1339285969734192, 0.12890625, 0.14277780055999756]

validation_error = [0.32999998331069946, 0.23000001907348633, 0.20999997854232788, 0.1899999976158142, 0.21100002527236938, 0.1808333396911621, 0.1557142734527588, 0.16437500715255737, 0.15333330631256104] 

training_time = [211.33, 216.37, 231.87, 205.78, 253.31, 293.17, 450.54, 367.61, 430.81]